-2.8236
-3.35385
0.454403
-1.84046
0.0190054
-1.68526
-0.665753
-7.14704
1.56641
-1.81287
-0.654694
-1.98593
0.355628
-0.725212
0.353491
-1.00837
-1.77053
-2.84364
0.179297
-0.225459
-0.5922
-8.98396
-0.394372
-9.97172
-12.0507
-4.52114
-11.3437
-15.8915
-8.30939
-10.5901
-9.39556
-19.6008
-0.641976
-0.150346
-0.514559
-0.34842
-0.513512
-0.469696
-0.739545
-10.4242
0.0217205
0.0430602
0.0520454
0.021624
0.0554803
0.039646
0.971486
0.00904794
0.0425727
-0.0128347
0.0412185
0.0166832
0.036444
0.0152159
-0.026374
-0.00841381
7.72792e-005
0.0268175
0.00536276
0.0284798
0.033265
0.053521
0.0486501
0.0327346
0.0204015
0.0117589
0.00230699
0.0103232
0.0227596
0.00309138
0.00562233
0.000754908
2.81808e-017
8.57569e-005
7.87387e-005
-1.25564e-016
-1.29547e-016
-1.25847e-016
6.61631e-018
7.87387e-005
2.25933e-017
-1.30702e-016
-1.09241e-016
-8.79002e-017
-1.20076e-016
2.01071e-017
1.91583e-017
3.04551e-017
2.33375e-017
-8.92942e-017
3.68687e-017
-1.03034e-016
-1.19991e-016
-1.36681e-016
1.79158e-017
-1.36383e-016
3.90399e-017
4.43987e-017
3.60036e-018
-9.71123e-017
4.52026e-017
-1.3351e-016
2.50784e-017
4.47832e-017
-1.39283e-016
-1.24584e-016
-9.59239e-017
-1.22308e-016
-9.15462e-017
3.03832e-017
4.9452e-017
-2.17231e-019
-9.39811e-017
3.60899e-017
3.83149e-018
6.96457e-018
-8.79941e-017
1.55875e-017
-1.092e-016
4.46304e-017
-1.00975e-016
-1.02134e-016
-1.20645e-016
-1.34995e-016
-1.06617e-016
4.05338e-017
3.50768e-017
-1.17352e-016
5.0372e-018
2.96169e-017
-9.77394e-017
-9.9672e-017
2.48033e-017
2.66453e-017
6.71273e-018
7.64238e-018
1.17505e-017
2.94423e-017
-8.88798e-017
-9.27061e-017
1.02833e-017
5.0583e-017
-9.44644e-017
-1.29646e-016
7.4332e-018
4.33305e-018
-1.23754e-016
-1.0652e-016
1.3119e-017
3.37058e-017
1.1233e-017
-1.19042e-016
-1.19288e-016
-1.0603e-016
5.38383e-017
3.6253e-017
-9.77952e-017
6.89576e-017
-1.34073e-016
-1.17138e-016
1.42277e-017
2.9882e-017
9.90813e-019
-8.76214e-017
3.65277e-017
-1.07027e-016
2.89981e-017
-8.42743e-017
-1.50855e-016
2.79504e-017
-1.12917e-016
-1.18202e-016
-1.01444e-016
-1.29753e-016
-9.29635e-017
-1.17091e-016
5.63917e-017
3.23902e-017
-1.26543e-016
2.76388e-018
-9.87188e-017
-9.01332e-017
4.53398e-017
6.1e-017
-1.23396e-016
-1.19644e-016
4.744e-017
6.66094e-017
4.64757e-017
5.76108e-018
3.64294e-017
1.69868e-017
1.07325e-017
-1.22545e-016
4.8133e-017
1.03018e-017
5.5979e-017
-1.10418e-016
6.62301e-017
-1.08568e-016
-1.11251e-016
1.17131e-017
-9.22446e-017
-1.00822e-016
3.75647e-017
-1.05571e-016
-1.26835e-016
-1.21135e-016
4.94352e-017
4.36068e-017
1.71972e-017
-8.94056e-017
4.93706e-017
2.59461e-017
5.78455e-017
2.5297e-017
-1.12705e-016
5.4841e-017
4.26415e-017
1.97475e-018
-8.83803e-017
-1.24958e-016
3.7017e-017
2.42161e-017
-1.18275e-016
3.39191e-017
2.14587e-017
-1.08935e-016
-1.15189e-016
4.42088e-017
4.10741e-017
-1.02568e-016
4.04881e-017
1.70843e-017
3.0142e-017
-1.3432e-016
3.29264e-017
-1.62931e-016
-1.1732e-016
3.56703e-017
-1.0662e-016
-8.4996e-017
6.59058e-017
2.56092e-017
-1.26859e-016
2.68326e-017
-7.54503e-017
-9.68536e-017
1.49637e-017
4.1065e-017
4.82933e-017
5.98309e-018
-8.94075e-017
-1.24261e-016
-1.38455e-016
1.84629e-017
2.09193e-017
-9.13019e-017
-1.12113e-016
3.54474e-017
8.33271e-018
-1.20112e-016
3.27911e-017
-1.18993e-016
-9.56309e-017
-1.37092e-016
3.71142e-017
-9.00579e-017
-8.32066e-017
-1.32146e-016
-8.77978e-017
4.92735e-017
-1.03703e-016
6.11859e-017
-1.18717e-016
-1.30667e-016
5.15218e-017
3.3366e-017
3.94307e-017
-1.00566e-016
-1.31109e-016
4.71862e-017
-1.3082e-016
-9.31166e-017
1.2237e-017
-1.3537e-016
2.39281e-017
-1.11694e-016
1.74602e-017
6.08147e-017
-8.86368e-017
-1.12464e-016
-9.44507e-017
7.24171e-018
4.27404e-017
4.48328e-018
-1.17709e-016
-1.10265e-016
6.53262e-017
-1.20588e-016
