0.518931
3.97676e-012
8.67156e-010
0.835798
0.000281635
6.43055e-022
9.4172e-005
0.286397
6.03222e-006
4.20811e-015
0.000115761
0.276584
1
0.00415761
5.56652e-008
0.111801
6.54187e-023
8.58582e-013
0.000117046
2.07436e-017
6.78252e-025
1.05327e-008
1.69242e-045
1.76535e-009
2.76378e-011
5.43765e-012
1.42031e-010
9.94931e-014
0.169089
5.74203e-010
8.93606e-009
8.34309e-017
8.8699e-011
0.463802
0.222037
2.99282e-006
0.251714
0.231055
0.156881
8.592e-010
0.5036
0.500461
0.49977
0.871187
0.879179
0.834682
0.508497
0.497718
0.483333
0.845266
0.507578
0.485044
0.851674
0.513096
0.489839
0.486029
0.493551
0.51048
0.5011
0.491646
0.506763
0.492262
0.483466
0.492495
0.497543
0.496637
0.506006
0.503634
0.494959
0.499474
0.499552
0.499941
0.5
0.499989
0.500161
0.5
0.5
0.5
0.5
0.500161
0.5
0.5
0.5
0.5
0.5
0.5
0.5
0.5
0.5
0.5
0.5
0.5
0.5
0.5
0.5
0.5
0.5
0.5
0.5
0.5
0.5
0.5
0.5
0.5
0.5
0.5
0.5
0.5
0.5
0.5
0.5
0.5
0.5
0.5
0.5
0.5
0.5
0.5
0.5
0.5
0.5
0.5
0.5
0.5
0.5
0.5
0.5
0.5
0.5
0.5
0.5
0.5
0.5
0.5
0.5
0.5
0.5
0.5
0.5
0.5
0.5
0.5
0.5
0.5
0.5
0.5
0.5
0.5
0.5
0.5
0.5
0.5
0.5
0.5
0.5
0.5
0.5
0.5
0.5
0.5
0.5
0.5
0.5
0.5
0.5
0.5
0.5
0.5
0.5
0.5
0.5
0.5
0.5
0.5
0.5
0.5
0.5
0.5
0.5
0.5
0.5
0.5
0.5
0.5
0.5
0.5
0.5
0.5
0.5
0.5
0.5
0.5
0.5
0.5
0.5
0.5
0.5
0.5
0.5
0.5
0.5
0.5
0.5
0.5
0.5
0.5
0.5
0.5
0.5
0.5
0.5
0.5
0.5
0.5
0.5
0.5
0.5
0.5
0.5
0.5
0.5
0.5
0.5
0.5
0.5
0.5
0.5
0.5
0.5
0.5
0.5
0.5
0.5
0.5
0.5
0.5
0.5
0.5
0.5
0.5
0.5
0.5
0.5
0.5
0.5
0.5
0.5
0.5
0.5
0.5
0.5
0.5
0.5
0.5
0.5
0.5
0.5
0.5
0.5
0.5
0.5
0.5
0.5
0.5
0.5
0.5
0.5
0.5
0.5
0.5
0.5
0.5
0.5
0.5
0.5
0.5
0.5
0.5
0.5
0.5
0.5
0.5
0.5
0.5
0.5
0.5
0.5
0.5
0.5
0.5
0.5
0.5
0.5
0.5
0.5
0.5
0.5
0.5
0.5
0.5
