0.0378794
-13.1253
-10.4329
0.813643
-4.08731
-24.3979
-4.63515
-0.456473
-6.00919
-16.5509
-4.53194
-0.480735
23.2944
-2.73932
-8.35196
-1.03624
-25.5406
-13.8917
-4.52641
-19.2071
-27.8251
-9.18439
-51.5451
-10.0775
-12.1559
-12.9688
-11.3375
-14.9693
-0.79605
-10.639
-9.26659
-18.5113
-11.5729
-0.0725229
-0.626916
-6.35965
-0.544747
-0.60118
-0.840812
-10.4375
0.00720094
0.000922823
-0.000459548
0.955747
0.992338
0.809588
0.016995
-0.00456477
-0.0333463
0.84897
0.0151566
-0.0299213
0.873894
0.0261989
-0.0203241
-0.0279502
-0.0128987
0.0209636
0.00220096
-0.0167093
0.0135259
-0.0154767
-0.0330808
-0.0150119
-0.00491364
-0.00672515
0.0120133
0.00726885
-0.0100818
-0.00105216
-0.00089604
-0.000117905
-6.89472e-017
-2.10245e-005
0.000321533
-2.13077e-017
-3.00321e-017
-2.25397e-017
-7.76471e-017
0.000321533
-8.3436e-017
-2.14716e-017
-1.46193e-017
4.16689e-018
-2.40486e-017
-8.26495e-017
-7.77623e-017
-7.33317e-017
-6.85947e-017
-6.8499e-018
-5.51018e-017
-4.9992e-018
-2.32632e-017
-3.97617e-017
-8.65949e-017
-3.2294e-017
-6.19896e-017
-6.29448e-017
-8.53496e-017
5.89237e-018
-6.75642e-017
-3.1639e-017
-8.73056e-017
-4.17571e-017
-2.06983e-017
-2.05604e-017
1.40798e-018
-2.8915e-017
5.1562e-018
-6.48363e-017
-6.22788e-017
-9.80398e-017
2.40211e-017
-6.0126e-017
-7.9251e-017
-9.17242e-017
1.15287e-017
-8.75306e-017
-4.86056e-018
-5.20909e-017
2.65784e-018
-7.83569e-018
-3.23888e-017
-3.53598e-017
-2.06465e-017
-6.88469e-017
-4.78241e-017
-1.37183e-017
-9.48002e-017
-6.88013e-017
-3.59518e-018
-7.41044e-018
-6.52006e-017
-7.4224e-017
-7.646e-017
-9.72849e-017
-8.82657e-017
-6.46658e-017
-6.91716e-018
2.96676e-019
-8.92142e-017
-5.51433e-017
8.35654e-018
-2.59294e-017
-8.82698e-017
-8.46394e-017
-2.17589e-017
-1.23115e-017
-7.64174e-017
-6.22132e-017
-7.17189e-017
-2.10879e-017
-2.00296e-017
-1.3116e-017
-6.32846e-017
-5.58337e-017
-1.00538e-017
-4.74536e-017
-1.703e-017
-2.55574e-017
-7.8889e-017
-6.01314e-017
-8.76296e-017
7.80956e-018
-5.96251e-017
-1.6307e-017
-7.31528e-017
2.76611e-018
-5.10564e-017
-6.91116e-017
-2.0459e-017
-1.70814e-017
-6.39547e-018
-3.83538e-017
-6.44499e-019
-1.31739e-017
-4.67691e-017
-6.21707e-017
-1.59585e-017
-8.66945e-017
-9.08709e-018
3.18216e-018
-4.91946e-017
-3.18313e-017
-2.34032e-017
-1.56646e-017
-5.17057e-017
-4.67487e-017
-6.69818e-017
-7.07533e-017
-6.18444e-017
-8.75962e-017
-7.99648e-017
-1.76916e-017
-5.4899e-017
-7.37105e-017
-4.1575e-017
-9.59507e-018
-2.98152e-017
-9.96842e-018
-1.46748e-017
-9.1149e-017
2.60307e-018
9.12512e-018
-4.54958e-017
-1.34696e-017
-2.5581e-017
-2.82392e-017
-6.5225e-017
-5.05378e-017
-9.39807e-017
-1.0547e-018
-4.07326e-017
-7.7885e-017
-6.05367e-017
-6.58687e-017
-1.8819e-017
-5.04436e-017
-6.29908e-017
-8.58725e-017
7.56507e-018
-3.4948e-017
-5.28433e-017
-9.66235e-017
-2.4937e-017
-5.61163e-017
-6.39024e-017
-4.796e-018
-1.69964e-017
-5.41106e-017
-5.36315e-017
-5.37848e-019
-6.25044e-017
-7.45173e-017
-5.68077e-017
-3.55426e-017
-5.99717e-017
-3.79963e-017
-2.3249e-017
-5.42488e-017
-1.68183e-017
7.27496e-018
-5.39134e-017
-8.48084e-017
-2.54742e-017
-7.51473e-017
7.27752e-018
2.82812e-018
-9.0464e-017
-4.88774e-017
-6.75246e-017
-8.33939e-017
8.92624e-018
-1.50031e-017
-3.14531e-017
-8.11733e-017
-7.24266e-017
-4.46802e-018
-1.27364e-017
-5.5349e-017
-8.52251e-017
-3.23465e-017
-5.31242e-017
-2.92412e-017
-2.47257e-018
-4.05199e-017
-4.51782e-017
1.64122e-017
2.71752e-018
-3.33787e-017
7.79312e-018
-4.22259e-017
2.02469e-018
-5.83334e-017
-3.11996e-017
-5.46155e-017
-5.76694e-017
-7.10514e-017
-5.26055e-017
-7.14262e-018
-2.62624e-017
-5.35988e-017
-5.50366e-017
2.16399e-018
-7.641e-017
-1.52767e-017
-7.21645e-017
-2.08991e-017
-7.93687e-017
-4.92795e-017
-2.63766e-018
-2.41425e-017
-2.04299e-018
-9.57621e-017
-5.85898e-017
-7.5019e-017
-3.66515e-017
-8.70339e-018
-4.0599e-017
-1.0882e-017
